

light_green=[0.76863     0.87843     0.63529];
green=[0.36471      0.6549     0.26667];

blue=[0.12157     0.46667     0.69412];
light_blue=[0.63137     0.81961     0.90588];

red=[0.99216     0.50196   0.0078431];
light_red=[0.99608     0.74118     0.43922];


yellow=[0.99216           1      0.6902];
